image: ucsd_atkinson_1f_full_tuned.pgm
resolution: 0.100000
origin: [-77.950002, -91.149998, 0.000000]
negate: 0
occupied_thresh: 0.65
free_thresh: 0.196

