image: ucsd_atkinson_6f_icra2019_fx_net.pgm
resolution: 0.100000
origin: [-57.750001, -41.950002, 0.000000]
negate: 0
occupied_thresh: 0.65
free_thresh: 0.196

